1
{"_id": 0, "xpos": 50, "ypos": 50, "size": 5, "rot": 0, "color_rot": 0, "tursize": 5, "tur_rot": 0}
{"_id": 1, "xpos": 150, "ypos": 50, "size": 7, "rot": 45, "color_rot": 90, "tursize": 7, "tur_rot": 0}
{"_id": 2, "xpos": 250, "ypos": 50, "size": 9, "rot": 90, "color_rot": 180, "tursize": 9, "tur_rot": 0}
g
[0, 50.0, 54.5, 0.0, 0.0];[1, 152.475, 52.475, 45.0, 0.0];[2, 252.5, 50.0, 90.0, 0.0];
[0, 50.0, 59.0, 0.0, 0.0];[1, 154.95, 54.95, 45.0, 0.0];[2, 255.0, 50.0, 90.0, 0.0];
[0, 50.0, 63.5, 0.0, 0.0];[1, 157.425, 57.425, 45.0, 0.0];[2, 257.5, 50.0, 90.0, 0.0];
[0, 50.0, 68.0, 0.0, 0.0];[1, 159.899, 59.899, 45.0, 0.0];[2, 260.0, 50.0, 90.0, 0.0];
[0, 50.0, 72.5, 0.0, 0.0];[1, 162.374, 62.374, 45.0, 0.0];[2, 262.5, 50.0, 90.0, 0.0];
[0, 50.0, 77.0, 0.0, 0.0];[1, 164.849, 64.849, 45.0, 0.0];[2, 265.0, 50.0, 90.0, 0.0];
[0, 50.0, 81.5, 0.0, 0.0];[1, 167.324, 67.324, 45.0, 0.0];[2, 267.5, 50.0, 90.0, 0.0];
[0, 50.0, 86.0, 0.0, 0.0];[1, 169.799, 69.799, 45.0, 0.0];[2, 270.0, 50.0, 90.0, 0.0];
[0, 50.0, 90.5, 0.0, 0.0];[1, 172.274, 72.274, 45.0, 0.0];[2, 272.5, 50.0, 90.0, 0.0];
[0, 50.0, 95.0, 0.0, 0.0];[1, 174.749, 74.749, 45.0, 0.0];[2, 275.0, 50.0, 90.0, 0.0];
[0, 50.0, 99.5, 0.0, 0.0];[1, 177.224, 77.224, 45.0, 0.0];[2, 277.5, 50.0, 90.0, 0.0];
[0, 50.0, 104.0, 0.0, 0.0];[1, 179.698, 79.698, 45.0, 0.0];[2, 280.0, 50.0, 90.0, 0.0];
[0, 50.0, 108.5, 0.0, 0.0];[1, 182.173, 82.173, 45.0, 0.0];[2, 282.5, 50.0, 90.0, 0.0];
[0, 50.0, 113.0, 0.0, 0.0];[1, 184.648, 84.648, 45.0, 0.0];[2, 285.0, 50.0, 90.0, 0.0];
[0, 50.0, 117.5, 0.0, 0.0];[1, 187.123, 87.123, 45.0, 0.0];[2, 287.5, 50.0, 90.0, 0.0];
[0, 50.0, 122.0, 0.0, 0.0];[1, 189.598, 89.598, 45.0, 0.0];[2, 290.0, 50.0, 90.0, 0.0];
[0, 50.0, 126.5, 0.0, 0.0];[1, 192.073, 92.073, 45.0, 0.0];[2, 292.5, 50.0, 90.0, 0.0];
[0, 50.0, 131.0, 0.0, 0.0];[1, 194.548, 94.548, 45.0, 0.0];[2, 295.0, 50.0, 90.0, 0.0];
[0, 50.0, 135.5, 0.0, 0.0];[1, 197.023, 97.023, 45.0, 0.0];[2, 297.5, 50.0, 90.0, 0.0];
[0, 50.0, 140.0, 0.0, 0.0];[1, 199.497, 99.497, 45.0, 0.0];[2, 300.0, 50.0, 90.0, 0.0];
[0, 50.0, 140.0, 4.5, 0.0];[1, 199.497, 99.497, 48.5, 0.0];[2, 300.0, 50.0, 92.5, 0.0];
[0, 50.0, 140.0, 9.0, 0.0];[1, 199.497, 99.497, 52.0, 0.0];[2, 300.0, 50.0, 95.0, 0.0];
[0, 50.0, 140.0, 13.5, 0.0];[1, 199.497, 99.497, 55.5, 0.0];[2, 300.0, 50.0, 97.5, 0.0];
[0, 50.0, 140.0, 18.0, 0.0];[1, 199.497, 99.497, 59.0, 0.0];[2, 300.0, 50.0, 100.0, 0.0];
[0, 50.0, 140.0, 22.5, 0.0];[1, 199.497, 99.497, 62.5, 0.0];[2, 300.0, 50.0, 102.5, 0.0];
[0, 50.0, 140.0, 27.0, 0.0];[1, 199.497, 99.497, 66.0, 0.0];[2, 300.0, 50.0, 105.0, 0.0];
[0, 50.0, 140.0, 31.5, 0.0];[1, 199.497, 99.497, 69.5, 0.0];[2, 300.0, 50.0, 107.5, 0.0];
[0, 50.0, 140.0, 36.0, 0.0];[1, 199.497, 99.497, 73.0, 0.0];[2, 300.0, 50.0, 110.0, 0.0];
[0, 50.0, 140.0, 40.5, 0.0];[1, 199.497, 99.497, 76.5, 0.0];[2, 300.0, 50.0, 112.5, 0.0];
[0, 50.0, 140.0, 45.0, 0.0];[1, 199.497, 99.497, 80.0, 0.0];[2, 300.0, 50.0, 115.0, 0.0];
[0, 50.0, 140.0, 49.5, 0.0];[1, 199.497, 99.497, 83.5, 0.0];[2, 300.0, 50.0, 117.5, 0.0];
[0, 50.0, 140.0, 54.0, 0.0];[1, 199.497, 99.497, 87.0, 0.0];[2, 300.0, 50.0, 120.0, 0.0];
[0, 50.0, 140.0, 58.5, 0.0];[1, 199.497, 99.497, 90.5, 0.0];[2, 300.0, 50.0, 122.5, 0.0];
[0, 50.0, 140.0, 63.0, 0.0];[1, 199.497, 99.497, 94.0, 0.0];[2, 300.0, 50.0, 125.0, 0.0];
[0, 50.0, 140.0, 67.5, 0.0];[1, 199.497, 99.497, 97.5, 0.0];[2, 300.0, 50.0, 127.5, 0.0];
[0, 50.0, 140.0, 72.0, 0.0];[1, 199.497, 99.497, 101.0, 0.0];[2, 300.0, 50.0, 130.0, 0.0];
[0, 50.0, 140.0, 76.5, 0.0];[1, 199.497, 99.497, 104.5, 0.0];[2, 300.0, 50.0, 132.5, 0.0];
[0, 50.0, 140.0, 81.0, 0.0];[1, 199.497, 99.497, 108.0, 0.0];[2, 300.0, 50.0, 135.0, 0.0];
[0, 50.0, 140.0, 85.5, 0.0];[1, 199.497, 99.497, 111.5, 0.0];[2, 300.0, 50.0, 137.5, 0.0];
[0, 50.0, 140.0, 90.0, 0.0];[1, 199.497, 99.497, 115.0, 0.0];[2, 300.0, 50.0, 140.0, 0.0];
["b", 0, 50.0, 140.0, 9, 0];["b", 1, 199.49747468305816, 99.4974746830584, 9, 0];["b", 2, 300.0, 50.0, 9, 0];
[0, 51.0, 140.0, "", ""];[1, 200.4037824700948, 99.0748564213177, "", ""];[2, 300.64278760968654, 49.23395555688102, "", ""];
[0, 52.0, 140.0, "", ""];[1, 201.31009025713144, 98.65223815957701, "", ""];[2, 301.2855752193731, 48.46791111376204, "", ""];
[0, 53.0, 140.0, "", ""];[1, 202.21639804416807, 98.22961989783632, "", ""];[2, 301.9283628290596, 47.701866670643064, "", ""];
[0, 54.0, 140.0, "", ""];[1, 203.1227058312047, 97.80700163609562, "", ""];[2, 302.57115043874614, 46.935822227524085, "", ""];
[0, 55.0, 140.0, "", ""];[1, 204.02901361824135, 97.38438337435493, "", ""];[2, 303.2139380484327, 46.169777784405106, "", ""];
[0, 56.0, 140.0, "", ""];[1, 204.935321405278, 96.96176511261423, "", ""];[2, 303.8567256581192, 45.40373334128613, "", ""];
[0, 57.0, 140.0, "", ""];[1, 205.84162919231463, 96.53914685087354, "", ""];[2, 304.49951326780575, 44.63768889816715, "", ""];
[0, 58.0, 140.0, "", ""];[1, 206.74793697935127, 96.11652858913284, "", ""];[2, 305.1423008774923, 43.87164445504817, "", ""];
[0, 59.0, 140.0, "", ""];[1, 207.6542447663879, 95.69391032739215, "", ""];[2, 305.7850884871788, 43.10560001192919, "", ""];
[0, 60.0, 140.0, "", ""];[1, 208.56055255342454, 95.27129206565145, "", ""];[2, 306.42787609686536, 42.33955556881021, "", ""];
[0, 61.0, 140.0, "", ""];[1, 209.46686034046118, 94.84867380391076, "", ""];[2, 307.0706637065519, 41.57351112569123, "", ""];
[0, 62.0, 140.0, "", ""];[1, 210.37316812749782, 94.42605554217006, "", ""];[2, 307.71345131623843, 40.807466682572255, "", ""];
[0, 63.0, 140.0, "", ""];[1, 211.27947591453446, 94.00343728042937, "", ""];[2, 308.35623892592497, 40.041422239453276, "", ""];
[0, 64.0, 140.0, "", ""];[1, 212.1857837015711, 93.58081901868867, "", ""];[2, 308.9990265356115, 39.2753777963343, "", ""];
[0, 65.0, 140.0, "", ""];[1, 213.09209148860774, 93.15820075694798, "", ""];[2, 309.64181414529804, 38.50933335321532, "", ""];
[0, 66.0, 140.0, "", ""];[1, 213.99839927564437, 92.73558249520728, "", ""];[2, 310.2846017549846, 37.74328891009634, "", ""];
[0, 67.0, 140.0, "", ""];[1, 214.904707062681, 92.31296423346659, "", ""];[2, 310.9273893646711, 36.97724446697736, "", ""];
[0, 68.0, 140.0, "", ""];[1, 215.81101484971765, 91.89034597172589, "", ""];[2, 311.57017697435765, 36.21120002385838, "", ""];
[0, 69.0, 140.0, "", ""];[1, 216.7173226367543, 91.4677277099852, "", ""];[2, 312.2129645840442, 35.4451555807394, "", ""];
[0, 70.0, 140.0, "", ""];[1, 217.62363042379093, 91.0451094482445, "", ""];[2, 312.8557521937307, 34.679111137620424, "", ""];
[0, 71.0, 140.0, "", ""];[1, 218.52993821082757, 90.62249118650381, "", ""];[2, 313.49853980341726, 33.913066694501445, "", ""];
[0, 72.0, 140.0, "", ""];[1, 219.4362459978642, 90.19987292476311, "", ""];[2, 314.1413274131038, 33.14702225138247, "", ""];
[0, 73.0, 140.0, "", ""];[1, 220.34255378490084, 89.77725466302242, "", ""];[2, 314.78411502279033, 32.38097780826349, "", ""];
[0, 74.0, 140.0, "", ""];[1, 221.24886157193748, 89.35463640128172, "", ""];[2, 315.42690263247687, 31.61493336514451, "", ""];
[0, 75.0, 140.0, "", ""];[1, 222.15516935897412, 88.93201813954103, "", ""];[2, 316.0696902421634, 30.84888892202553, "", ""];
[0, 76.0, 140.0, "", ""];[1, 223.06147714601076, 88.50939987780033, "", ""];[2, 316.71247785184994, 30.08284447890655, "", ""];
[0, 77.0, 140.0, "", ""];[1, 223.9677849330474, 88.08678161605964, "", ""];[2, 317.3552654615365, 29.316800035787573, "", ""];
[0, 78.0, 140.0, "", ""];[1, 224.87409272008404, 87.66416335431894, "", ""];[2, 317.998053071223, 28.550755592668594, "", ""];
[0, 79.0, 140.0, "", ""];[1, 225.78040050712067, 87.24154509257825, "", ""];[2, 318.64084068090955, 27.784711149549615, "", ""];
[0, 80.0, 140.0, "", ""];[1, 226.6867082941573, 86.81892683083755, "", ""];[2, 319.2836282905961, 27.018666706430636, "", ""];
[0, 81.0, 140.0, "", ""];[1, 227.59301608119395, 86.39630856909686, "", ""];[2, 319.9264159002826, 26.252622263311657, "", ""];
[0, 82.0, 140.0, "", ""];[1, 228.4993238682306, 85.97369030735616, "", ""];[2, 320.56920350996916, 25.48657782019268, "", ""];
[0, 83.0, 140.0, "", ""];[1, 229.40563165526723, 85.55107204561547, "", ""];[2, 321.2119911196557, 24.7205333770737, "", ""];
[0, 84.0, 140.0, "", ""];[1, 230.31193944230387, 85.12845378387478, "", ""];[2, 321.85477872934223, 23.95448893395472, "", ""];
[0, 85.0, 140.0, "", ""];[1, 231.2182472293405, 84.70583552213408, "", ""];[2, 322.49756633902877, 23.188444490835742, "", ""];
[0, 86.0, 140.0, "", ""];[1, 232.12455501637714, 84.28321726039339, "", ""];[2, 323.1403539487153, 22.422400047716764, "", ""];
[0, 87.0, 140.0, "", ""];[1, 233.03086280341378, 83.86059899865269, "", ""];[2, 323.78314155840184, 21.656355604597785, "", ""];
[0, 88.0, 140.0, "", ""];[1, 233.93717059045042, 83.437980736912, "", ""];[2, 324.4259291680884, 20.890311161478806, "", ""];
[0, 89.0, 140.0, "", ""];[1, 234.84347837748706, 83.0153624751713, "", ""];[2, 325.0687167777749, 20.124266718359827, "", ""];
[0, 90.0, 140.0, "", ""];[1, 235.7497861645237, 82.5927442134306, "", ""];[2, 325.71150438746145, 19.35822227524085, "", ""];